1.000000e+00
1.908020e+05
1.000000e-01
7.000000e+01
1.406910e+02
3.220000e+00
1.100000e+12
2.980000e+02
8.600000e+02
7.440000e+02
1.000000e-20
1.244515e-20
1.548817e-20
1.927525e-20
2.398833e-20
2.985383e-20
3.715352e-20
4.623810e-20
5.754399e-20
7.161434e-20
8.912509e-20
1.109175e-19
1.380384e-19
1.717908e-19
2.137962e-19
2.660725e-19
3.311311e-19
4.120975e-19
5.128614e-19
6.382635e-19
7.943282e-19
9.885531e-19
1.230269e-18
1.531087e-18
1.905461e-18
2.371374e-18
2.951209e-18
3.672823e-18
4.570882e-18
5.688529e-18
7.079458e-18
8.810489e-18
1.096478e-17
1.364583e-17
1.698244e-17
2.113489e-17
2.630268e-17
3.273407e-17
4.073803e-17
5.069907e-17
6.309573e-17
7.852356e-17
9.772372e-17
1.216186e-16
1.513561e-16
1.883649e-16
2.344229e-16
2.917427e-16
3.630781e-16
4.518559e-16
5.623413e-16
6.998420e-16
8.709636e-16
1.083927e-15
1.348963e-15
1.678804e-15
2.089296e-15
2.600160e-15
3.235937e-15
4.027170e-15
5.011872e-15
6.237348e-15
7.762471e-15
9.660509e-15
1.202264e-14
1.496236e-14
1.862087e-14
2.317395e-14
2.884032e-14
3.589219e-14
4.466836e-14
5.559043e-14
6.918310e-14
8.609938e-14
1.071519e-13
1.333521e-13
1.659587e-13
2.065380e-13
2.570396e-13
3.198895e-13
3.981072e-13
4.954502e-13
6.165950e-13
7.673615e-13
9.549926e-13
1.188502e-12
1.479108e-12
1.840772e-12
2.290868e-12
2.851018e-12
3.548134e-12
4.415704e-12
5.495409e-12
6.839116e-12
8.511380e-12
1.059254e-11
1.318257e-11
1.640590e-11
2.041738e-11
2.540973e-11
3.162278e-11
3.935501e-11
4.897788e-11
6.095369e-11
7.585776e-11
9.440609e-11
1.174898e-10
1.462177e-10
1.819701e-10
2.264644e-10
2.818383e-10
3.507519e-10
4.365158e-10
5.432503e-10
6.760830e-10
8.413951e-10
1.047129e-09
1.303167e-09
1.621810e-09
2.018366e-09
2.511886e-09
3.126079e-09
3.890451e-09
4.841724e-09
6.025596e-09
7.498942e-09
9.332543e-09
1.161449e-08
1.445440e-08
1.798871e-08
2.238721e-08
2.786121e-08
3.467369e-08
4.315191e-08
5.370318e-08
6.683439e-08
8.317638e-08
1.035142e-07
1.288250e-07
1.603245e-07
1.995262e-07
2.483133e-07
3.090295e-07
3.845918e-07
4.786301e-07
5.956621e-07
7.413102e-07
9.225714e-07
1.148154e-06
1.428894e-06
1.778279e-06
2.213095e-06
2.754229e-06
3.427678e-06
4.265795e-06
5.308844e-06
6.606934e-06
8.222426e-06
1.023293e-05
1.273503e-05
1.584893e-05
1.972423e-05
2.454709e-05
3.054921e-05
3.801894e-05
4.731513e-05
5.888437e-05
7.328245e-05
9.120108e-05
1.135011e-04
1.412538e-04
1.757924e-04
2.187762e-04
2.722701e-04
3.388442e-04
4.216965e-04
5.248075e-04
6.531306e-04
8.128305e-04
1.011579e-03
1.258925e-03
1.566751e-03
1.949845e-03
2.426610e-03
3.019952e-03
3.758374e-03
4.677351e-03
5.821032e-03
7.244360e-03
9.015711e-03
1.122018e-02
1.396368e-02
1.737801e-02
2.162719e-02
2.691535e-02
3.349654e-02
4.168694e-02
5.188000e-02
6.456542e-02
8.035261e-02
1.000000e-01
1.250000e-01
1.500000e-01
1.750000e-01
2.000000e-01
2.250000e-01
2.500000e-01
2.750000e-01
3.000000e-01
3.250000e-01
3.500000e-01
3.750000e-01
4.000000e-01
4.250000e-01
4.500000e-01
4.750000e-01
5.000000e-01
5.250000e-01
5.500000e-01
5.750000e-01
6.000000e-01
6.250000e-01
6.500000e-01
6.750000e-01
7.000000e-01
7.250000e-01
7.500000e-01
7.750000e-01
8.000000e-01
8.250000e-01
8.500000e-01
8.750000e-01
9.000000e-01
9.250000e-01
9.500000e-01
9.750000e-01
1.000000e+00
1.025000e+00
1.050000e+00
1.075000e+00
1.100000e+00
1.125000e+00
1.150000e+00
1.175000e+00
1.200000e+00
1.225000e+00
1.250000e+00
1.275000e+00
1.300000e+00
1.325000e+00
1.350000e+00
1.375000e+00
1.400000e+00
1.425000e+00
1.450000e+00
1.475000e+00
1.500000e+00
1.525000e+00
1.550000e+00
1.575000e+00
1.600000e+00
1.625000e+00
1.650000e+00
1.675000e+00
1.700000e+00
1.725000e+00
1.750000e+00
1.775000e+00
1.800000e+00
1.825000e+00
1.850000e+00
1.875000e+00
1.900000e+00
1.925000e+00
1.950000e+00
1.975000e+00
2.000000e+00
2.025000e+00
2.050000e+00
2.075000e+00
2.100000e+00
2.125000e+00
2.150000e+00
2.175000e+00
2.200000e+00
2.225000e+00
2.250000e+00
2.275000e+00
2.300000e+00
2.325000e+00
2.350000e+00
2.375000e+00
2.400000e+00
2.425000e+00
2.450000e+00
2.475000e+00
2.500000e+00
2.525000e+00
2.550000e+00
2.575000e+00
2.600000e+00
2.605000e+00
2.610000e+00
2.615000e+00
2.620000e+00
2.625000e+00
2.630000e+00
2.635000e+00
2.640000e+00
2.645000e+00
2.650000e+00
2.655000e+00
2.660000e+00
2.665000e+00
2.670000e+00
2.675000e+00
2.680000e+00
2.685000e+00
2.690000e+00
2.695000e+00
2.700000e+00
2.705000e+00
2.710000e+00
2.715000e+00
2.720000e+00
2.725000e+00
2.730000e+00
2.735000e+00
2.740000e+00
2.745000e+00
2.750000e+00
2.755000e+00
2.760000e+00
2.765000e+00
2.770000e+00
2.775000e+00
2.780000e+00
2.785000e+00
2.790000e+00
2.795000e+00
2.800000e+00
2.805000e+00
2.810000e+00
2.815000e+00
2.820000e+00
2.825000e+00
2.830000e+00
2.835000e+00
2.840000e+00
2.845000e+00
2.850000e+00
2.855000e+00
2.860000e+00
2.865000e+00
2.870000e+00
2.875000e+00
2.880000e+00
2.885000e+00
2.890000e+00
2.895000e+00
2.900000e+00
2.905000e+00
2.910000e+00
2.915000e+00
2.920000e+00
2.925000e+00
2.930000e+00
2.935000e+00
2.940000e+00
2.945000e+00
2.950000e+00
2.955000e+00
2.960000e+00
2.965000e+00
2.970000e+00
2.975000e+00
2.980000e+00
2.985000e+00
2.990000e+00
2.995000e+00
3.000000e+00
3.005000e+00
3.010000e+00
3.015000e+00
3.020000e+00
3.025000e+00
3.030000e+00
3.035000e+00
3.040000e+00
3.045000e+00
3.050000e+00
3.055000e+00
3.060000e+00
3.065000e+00
3.070000e+00
3.075000e+00
3.080000e+00
3.085000e+00
3.090000e+00
3.095000e+00
3.100000e+00
3.105000e+00
3.110000e+00
3.115000e+00
3.120000e+00
3.125000e+00
3.130000e+00
3.135000e+00
3.140000e+00
3.145000e+00
3.150000e+00
3.155000e+00
3.160000e+00
3.165000e+00
3.170000e+00
3.175000e+00
3.180000e+00
3.185000e+00
3.190000e+00
3.195000e+00
3.200000e+00
3.205000e+00
3.210000e+00
3.215000e+00
3.220000e+00
3.225000e+00
3.230000e+00
3.235000e+00
3.240000e+00
3.245000e+00
3.250000e+00
3.255000e+00
3.260000e+00
3.265000e+00
3.270000e+00
3.275000e+00
3.280000e+00
3.285000e+00
3.290000e+00
3.295000e+00
3.300000e+00
3.305000e+00
3.310000e+00
3.315000e+00
3.320000e+00
3.325000e+00
3.330000e+00
3.335000e+00
3.340000e+00
3.345000e+00
3.350000e+00
3.355000e+00
3.360000e+00
3.365000e+00
3.370000e+00
3.375000e+00
3.380000e+00
3.385000e+00
3.390000e+00
3.395000e+00
3.400000e+00
3.422000e+00
3.444000e+00
3.466000e+00
3.488000e+00
3.510000e+00
3.532000e+00
3.554000e+00
3.576000e+00
3.598000e+00
3.620000e+00
3.642000e+00
3.664000e+00
3.686000e+00
3.708000e+00
3.730000e+00
3.752000e+00
3.774000e+00
3.796000e+00
3.818000e+00
3.840000e+00
3.862000e+00
3.884000e+00
3.906000e+00
3.928000e+00
3.950000e+00
3.972000e+00
3.994000e+00
4.016000e+00
4.038000e+00
4.060000e+00
4.082000e+00
4.104000e+00
4.126000e+00
4.148000e+00
4.170000e+00
4.192000e+00
4.214000e+00
4.236000e+00
4.258000e+00
4.280000e+00
4.302000e+00
4.324000e+00
4.346000e+00
4.368000e+00
4.390000e+00
4.412000e+00
4.434000e+00
4.456000e+00
4.478000e+00
4.500000e+00
4.522000e+00
4.544000e+00
4.566000e+00
4.588000e+00
4.610000e+00
4.632000e+00
4.654000e+00
4.676000e+00
4.698000e+00
4.720000e+00
4.742000e+00
4.764000e+00
4.786000e+00
4.808000e+00
4.830000e+00
4.852000e+00
4.874000e+00
4.896000e+00
4.918000e+00
4.940000e+00
4.962000e+00
4.984000e+00
5.006000e+00
5.028000e+00
5.050000e+00
5.072000e+00
5.094000e+00
5.116000e+00
5.138000e+00
5.160000e+00
5.182000e+00
5.204000e+00
5.226000e+00
5.248000e+00
5.270000e+00
5.292000e+00
5.314000e+00
5.336000e+00
5.358000e+00
5.380000e+00
5.402000e+00
5.424000e+00
5.446000e+00
5.468000e+00
5.490000e+00
5.512000e+00
5.534000e+00
5.556000e+00
5.578000e+00
5.600000e+00
5.622000e+00
5.644000e+00
5.666000e+00
5.688000e+00
5.710000e+00
5.732000e+00
5.754000e+00
5.776000e+00
5.798000e+00
5.820000e+00
5.842000e+00
5.864000e+00
5.886000e+00
5.908000e+00
5.930000e+00
5.952000e+00
5.974000e+00
5.996000e+00
6.018000e+00
6.040000e+00
6.062000e+00
6.084000e+00
6.106000e+00
6.128000e+00
6.150000e+00
6.172000e+00
6.194000e+00
6.216000e+00
6.238000e+00
6.260000e+00
6.282000e+00
6.304000e+00
6.326000e+00
6.348000e+00
6.370000e+00
6.392000e+00
6.414000e+00
6.436000e+00
6.458000e+00
6.480000e+00
6.502000e+00
6.524000e+00
6.546000e+00
6.568000e+00
6.590000e+00
6.612000e+00
6.634000e+00
6.656000e+00
6.678000e+00
6.700000e+00
6.722000e+00
6.744000e+00
6.766000e+00
6.788000e+00
6.810000e+00
6.832000e+00
6.854000e+00
6.876000e+00
6.898000e+00
6.920000e+00
6.942000e+00
6.964000e+00
6.986000e+00
7.008000e+00
7.030000e+00
7.052000e+00
7.074000e+00
7.096000e+00
7.118000e+00
7.140000e+00
7.162000e+00
7.184000e+00
7.206000e+00
7.228000e+00
7.250000e+00
7.272000e+00
7.294000e+00
7.316000e+00
7.338000e+00
7.360000e+00
7.382000e+00
7.404000e+00
7.426000e+00
7.448000e+00
7.470000e+00
7.492000e+00
7.514000e+00
7.536000e+00
7.558000e+00
7.580000e+00
7.602000e+00
7.624000e+00
7.646000e+00
7.668000e+00
7.690000e+00
7.712000e+00
7.734000e+00
7.756000e+00
7.778000e+00
7.800000e+00
7.822000e+00
7.844000e+00
7.866000e+00
7.888000e+00
7.910000e+00
7.932000e+00
7.954000e+00
7.976000e+00
7.998000e+00
8.020000e+00
8.042000e+00
8.064000e+00
8.086000e+00
8.108000e+00
8.130000e+00
8.152000e+00
8.174000e+00
8.196000e+00
8.218000e+00
8.240000e+00
8.262000e+00
8.284000e+00
8.306000e+00
8.328000e+00
8.350000e+00
8.372000e+00
8.394000e+00
8.416000e+00
8.438000e+00
8.460000e+00
8.482000e+00
8.504000e+00
8.526000e+00
8.548000e+00
8.570000e+00
8.592000e+00
8.614000e+00
8.636000e+00
8.658000e+00
8.680000e+00
8.702000e+00
8.724000e+00
8.746000e+00
8.768000e+00
8.790000e+00
8.812000e+00
8.834000e+00
8.856000e+00
8.878000e+00
8.900000e+00
8.922000e+00
8.944000e+00
8.966000e+00
8.988000e+00
9.010000e+00
9.032000e+00
9.054000e+00
9.076000e+00
9.098000e+00
9.120000e+00
9.142000e+00
9.164000e+00
9.186000e+00
9.208000e+00
9.230000e+00
9.252000e+00
9.274000e+00
9.296000e+00
9.318000e+00
9.340000e+00
9.362000e+00
9.384000e+00
9.406000e+00
9.428000e+00
9.450000e+00
9.472000e+00
9.494000e+00
9.516000e+00
9.538000e+00
9.560000e+00
9.582000e+00
9.604000e+00
9.626000e+00
9.648000e+00
9.670000e+00
9.692000e+00
9.714000e+00
9.736000e+00
9.758000e+00
9.780000e+00
9.802000e+00
9.824000e+00
9.846000e+00
9.868000e+00
9.890000e+00
9.912000e+00
9.934000e+00
9.956000e+00
9.978000e+00
1.000000e+01
1.020000e+01
1.040000e+01
1.060000e+01
1.080000e+01
1.100000e+01
1.120000e+01
1.140000e+01
1.160000e+01
1.180000e+01
1.200000e+01
1.220000e+01
1.240000e+01
1.260000e+01
1.280000e+01
1.300000e+01
1.320000e+01
1.340000e+01
1.360000e+01
1.380000e+01
1.400000e+01
1.420000e+01
1.440000e+01
1.460000e+01
1.480000e+01
1.500000e+01
1.520000e+01
1.540000e+01
1.560000e+01
1.580000e+01
1.600000e+01
1.620000e+01
1.640000e+01
1.660000e+01
1.680000e+01
1.700000e+01
1.720000e+01
1.740000e+01
1.760000e+01
1.780000e+01
1.800000e+01
1.820000e+01
1.840000e+01
1.860000e+01
1.880000e+01
1.900000e+01
1.920000e+01
1.940000e+01
1.960000e+01
1.980000e+01
2.000000e+01
2.020000e+01
2.040000e+01
2.060000e+01
2.080000e+01
2.100000e+01
2.120000e+01
2.140000e+01
2.160000e+01
2.180000e+01
2.200000e+01
2.220000e+01
2.240000e+01
2.260000e+01
2.280000e+01
2.300000e+01
2.320000e+01
2.340000e+01
2.360000e+01
2.380000e+01
2.400000e+01
2.420000e+01
2.440000e+01
2.460000e+01
2.480000e+01
2.500000e+01
2.520000e+01
2.540000e+01
2.560000e+01
2.580000e+01
2.600000e+01
2.620000e+01
2.640000e+01
2.660000e+01
2.680000e+01
2.700000e+01
2.720000e+01
2.740000e+01
2.760000e+01
2.780000e+01
2.800000e+01
2.820000e+01
2.840000e+01
2.860000e+01
2.880000e+01
2.900000e+01
2.920000e+01
2.940000e+01
2.960000e+01
2.980000e+01
1.000000e+00
5.000000e+01
1.000000e+02
1.099476e+02
1.198953e+02
1.298429e+02
1.397906e+02
1.497382e+02
1.596859e+02
1.696335e+02
1.795812e+02
1.895288e+02
1.994764e+02
2.094241e+02
2.193717e+02
2.293194e+02
2.392670e+02
2.492147e+02
2.591623e+02
2.691099e+02
2.790576e+02
2.890052e+02
2.980000e+02
2.989529e+02
3.089005e+02
3.188482e+02
3.287958e+02
3.387435e+02
3.486911e+02
3.586387e+02
3.685864e+02
3.785340e+02
3.884817e+02
3.984293e+02
4.083770e+02
4.183246e+02
4.282723e+02
4.382199e+02
4.481675e+02
4.581152e+02
4.680628e+02
4.780105e+02
4.879581e+02
4.979058e+02
5.078534e+02
5.178010e+02
5.277487e+02
5.376963e+02
5.476440e+02
5.575916e+02
5.675393e+02
5.774869e+02
5.874346e+02
5.973822e+02
6.073298e+02
6.172775e+02
6.272251e+02
6.371728e+02
6.471204e+02
6.570681e+02
6.670157e+02
6.769634e+02
6.869110e+02
6.968586e+02
7.068063e+02
7.167539e+02
7.267016e+02
7.366492e+02
7.465969e+02
7.565445e+02
7.664921e+02
7.764398e+02
7.863874e+02
7.963351e+02
8.062827e+02
8.162304e+02
8.261780e+02
8.361257e+02
8.460733e+02
8.560209e+02
8.659686e+02
8.759162e+02
8.858639e+02
8.958115e+02
9.057592e+02
9.157068e+02
9.256545e+02
9.356021e+02
9.455497e+02
9.554974e+02
9.654450e+02
9.753927e+02
9.853403e+02
9.952880e+02
1.005236e+03
1.015183e+03
1.025131e+03
1.035079e+03
1.045026e+03
1.054974e+03
1.064921e+03
1.074869e+03
1.084817e+03
1.094764e+03
1.104712e+03
1.114660e+03
1.124607e+03
1.134555e+03
1.144503e+03
1.154450e+03
1.164398e+03
1.174346e+03
1.184293e+03
1.194241e+03
1.204188e+03
1.214136e+03
1.224084e+03
1.234031e+03
1.243979e+03
1.253927e+03
1.263874e+03
1.273822e+03
1.283770e+03
1.293717e+03
1.303665e+03
1.313613e+03
1.323560e+03
1.333508e+03
1.343455e+03
1.353403e+03
1.363351e+03
1.373298e+03
1.383246e+03
1.393194e+03
1.403141e+03
1.413089e+03
1.423037e+03
1.432984e+03
1.442932e+03
1.452880e+03
1.462827e+03
1.472775e+03
1.482723e+03
1.492670e+03
1.502618e+03
1.512565e+03
1.522513e+03
1.532461e+03
1.542408e+03
1.552356e+03
1.562304e+03
1.572251e+03
1.582199e+03
1.592147e+03
1.602094e+03
1.612042e+03
1.621990e+03
1.631937e+03
1.641885e+03
1.651832e+03
1.661780e+03
1.671728e+03
1.681675e+03
1.691623e+03
1.701571e+03
1.711518e+03
1.721466e+03
1.731414e+03
1.741361e+03
1.751309e+03
1.761257e+03
1.771204e+03
1.781152e+03
1.791099e+03
1.801047e+03
1.810995e+03
1.820942e+03
1.830890e+03
1.840838e+03
1.850785e+03
1.860733e+03
1.870681e+03
1.880628e+03
1.890576e+03
1.900524e+03
1.910471e+03
1.920419e+03
1.930366e+03
1.940314e+03
1.950262e+03
1.960209e+03
1.970157e+03
1.980105e+03
1.990052e+03
2.000000e+03
2.003000e+03
2.006000e+03
2.009000e+03
2.012000e+03
2.015000e+03
2.018000e+03
2.021000e+03
2.024000e+03
2.027000e+03
2.030000e+03
2.033000e+03
2.036000e+03
2.039000e+03
2.042000e+03
2.045000e+03
2.048000e+03
2.051000e+03
2.054000e+03
2.057000e+03
2.060000e+03
2.063000e+03
2.066000e+03
2.069000e+03
2.072000e+03
2.075000e+03
2.078000e+03
2.081000e+03
2.084000e+03
2.087000e+03
2.090000e+03
2.093000e+03
2.096000e+03
2.099000e+03
2.102000e+03
2.105000e+03
2.108000e+03
2.111000e+03
2.114000e+03
2.117000e+03
2.120000e+03
2.123000e+03
2.126000e+03
2.129000e+03
2.132000e+03
2.135000e+03
2.138000e+03
2.141000e+03
2.144000e+03
2.147000e+03
2.150000e+03
2.153000e+03
2.156000e+03
2.159000e+03
2.162000e+03
2.165000e+03
2.168000e+03
2.171000e+03
2.174000e+03
2.177000e+03
2.180000e+03
2.183000e+03
2.186000e+03
2.189000e+03
2.192000e+03
2.195000e+03
2.198000e+03
2.201000e+03
2.204000e+03
2.207000e+03
2.210000e+03
2.213000e+03
2.216000e+03
2.219000e+03
2.222000e+03
2.225000e+03
2.228000e+03
2.231000e+03
2.234000e+03
2.237000e+03
2.240000e+03
2.243000e+03
2.246000e+03
2.249000e+03
2.252000e+03
2.255000e+03
2.258000e+03
2.261000e+03
2.264000e+03
2.267000e+03
2.270000e+03
2.273000e+03
2.276000e+03
2.279000e+03
2.282000e+03
2.285000e+03
2.288000e+03
2.291000e+03
2.294000e+03
2.297000e+03
2.300000e+03
2.325667e+03
2.351333e+03
2.377000e+03
2.402667e+03
2.428333e+03
2.454000e+03
2.479667e+03
2.505333e+03
2.531000e+03
2.556667e+03
2.582333e+03
2.608000e+03
2.633667e+03
2.659333e+03
2.685000e+03
2.710667e+03
2.736333e+03
2.762000e+03
2.787667e+03
2.813333e+03
2.839000e+03
2.864667e+03
2.890333e+03
2.916000e+03
2.941667e+03
2.967333e+03
2.993000e+03
3.018667e+03
3.044333e+03
3.070000e+03
3.095667e+03
3.121333e+03
3.147000e+03
3.172667e+03
3.198333e+03
3.224000e+03
3.249667e+03
3.275333e+03
3.301000e+03
3.326667e+03
3.352333e+03
3.378000e+03
3.403667e+03
3.429333e+03
3.455000e+03
3.480667e+03
3.506333e+03
3.532000e+03
3.557667e+03
3.583333e+03
3.609000e+03
3.634667e+03
3.660333e+03
3.686000e+03
3.711667e+03
3.737333e+03
3.763000e+03
3.788667e+03
3.814333e+03
3.840000e+03
3.865667e+03
3.891333e+03
3.917000e+03
3.942667e+03
3.968333e+03
3.994000e+03
4.019667e+03
4.045333e+03
4.071000e+03
4.096667e+03
4.122333e+03
4.148000e+03
4.173667e+03
4.199333e+03
4.225000e+03
4.250667e+03
4.276333e+03
4.302000e+03
4.327667e+03
4.353333e+03
4.379000e+03
4.404667e+03
4.430333e+03
4.456000e+03
4.481667e+03
4.507333e+03
4.533000e+03
4.558667e+03
4.584333e+03
4.610000e+03
4.635667e+03
4.661333e+03
4.687000e+03
4.712667e+03
4.738333e+03
4.764000e+03
4.789667e+03
4.815333e+03
4.841000e+03
4.866667e+03
4.892333e+03
4.918000e+03
4.943667e+03
4.969333e+03
4.995000e+03
5.020667e+03
5.046333e+03
5.072000e+03
5.097667e+03
5.123333e+03
5.149000e+03
5.174667e+03
5.200333e+03
5.226000e+03
5.251667e+03
5.277333e+03
5.303000e+03
5.328667e+03
5.354333e+03
5.380000e+03
5.405667e+03
5.431333e+03
5.457000e+03
5.482667e+03
5.508333e+03
5.534000e+03
5.559667e+03
5.585333e+03
5.611000e+03
5.636667e+03
5.662333e+03
5.688000e+03
5.713667e+03
5.739333e+03
5.765000e+03
5.790667e+03
5.816333e+03
5.842000e+03
5.867667e+03
5.893333e+03
5.919000e+03
5.944667e+03
5.970333e+03
5.996000e+03
6.021667e+03
6.047333e+03
6.073000e+03
6.098667e+03
6.124333e+03
6.150000e+03
6.175667e+03
6.201333e+03
6.227000e+03
6.252667e+03
6.278333e+03
6.304000e+03
6.329667e+03
6.355333e+03
6.381000e+03
6.406667e+03
6.432333e+03
6.458000e+03
6.483667e+03
6.509333e+03
6.535000e+03
6.560667e+03
6.586333e+03
6.612000e+03
6.637667e+03
6.663333e+03
6.689000e+03
6.714667e+03
6.740333e+03
6.766000e+03
6.791667e+03
6.817333e+03
6.843000e+03
6.868667e+03
6.894333e+03
6.920000e+03
6.945667e+03
6.971333e+03
6.997000e+03
7.022667e+03
7.048333e+03
7.074000e+03
7.099667e+03
7.125333e+03
7.151000e+03
7.176667e+03
7.202333e+03
7.228000e+03
7.253667e+03
7.279333e+03
7.305000e+03
7.330667e+03
7.356333e+03
7.382000e+03
7.407667e+03
7.433333e+03
7.459000e+03
7.484667e+03
7.510333e+03
7.536000e+03
7.561667e+03
7.587333e+03
7.613000e+03
7.638667e+03
7.664333e+03
7.690000e+03
7.715667e+03
7.741333e+03
7.767000e+03
7.792667e+03
7.818333e+03
7.844000e+03
7.869667e+03
7.895333e+03
7.921000e+03
7.946667e+03
7.972333e+03
7.998000e+03
8.023667e+03
8.049333e+03
8.075000e+03
8.100667e+03
8.126333e+03
8.152000e+03
8.177667e+03
8.203333e+03
8.229000e+03
8.254667e+03
8.280333e+03
8.306000e+03
8.331667e+03
8.357333e+03
8.383000e+03
8.408667e+03
8.434333e+03
8.460000e+03
8.485667e+03
8.511333e+03
8.537000e+03
8.562667e+03
8.588333e+03
8.614000e+03
8.639667e+03
8.665333e+03
8.691000e+03
8.716667e+03
8.742333e+03
8.768000e+03
8.793667e+03
8.819333e+03
8.845000e+03
8.870667e+03
8.896333e+03
8.922000e+03
8.947667e+03
8.973333e+03
8.999000e+03
9.024667e+03
9.050333e+03
9.076000e+03
9.101667e+03
9.127333e+03
9.153000e+03
9.178667e+03
9.204333e+03
9.230000e+03
9.255667e+03
9.281333e+03
9.307000e+03
9.332667e+03
9.358333e+03
9.384000e+03
9.409667e+03
9.435333e+03
9.461000e+03
9.486667e+03
9.512333e+03
9.538000e+03
9.563667e+03
9.589333e+03
9.615000e+03
9.640667e+03
9.666333e+03
9.692000e+03
9.717667e+03
9.743333e+03
9.769000e+03
9.794667e+03
9.820333e+03
9.846000e+03
9.871667e+03
9.897333e+03
9.923000e+03
9.948667e+03
9.974333e+03
1.000000e+04
1.010000e+04
1.020000e+04
1.030000e+04
1.040000e+04
1.050000e+04
1.060000e+04
1.070000e+04
1.080000e+04
1.090000e+04
1.100000e+04
1.110000e+04
1.120000e+04
1.130000e+04
1.140000e+04
1.150000e+04
1.160000e+04
1.170000e+04
1.180000e+04
1.190000e+04
1.200000e+04
1.210000e+04
1.220000e+04
1.230000e+04
1.240000e+04
1.250000e+04
1.260000e+04
1.270000e+04
1.280000e+04
1.290000e+04
1.300000e+04
1.310000e+04
1.320000e+04
1.330000e+04
1.340000e+04
1.350000e+04
1.360000e+04
1.370000e+04
1.380000e+04
1.390000e+04
1.400000e+04
1.410000e+04
1.420000e+04
1.430000e+04
1.440000e+04
1.450000e+04
1.460000e+04
1.470000e+04
1.480000e+04
1.490000e+04
1.500000e+04
1.510000e+04
1.520000e+04
1.530000e+04
1.540000e+04
1.550000e+04
1.560000e+04
1.570000e+04
1.580000e+04
1.590000e+04
1.600000e+04
1.610000e+04
1.620000e+04
1.630000e+04
1.640000e+04
1.650000e+04
1.660000e+04
1.670000e+04
1.680000e+04
1.690000e+04
1.700000e+04
1.710000e+04
1.720000e+04
1.730000e+04
1.740000e+04
1.750000e+04
1.760000e+04
1.770000e+04
1.780000e+04
1.790000e+04
1.800000e+04
1.810000e+04
1.820000e+04
1.830000e+04
1.840000e+04
1.850000e+04
1.860000e+04
1.870000e+04
1.880000e+04
1.890000e+04
1.900000e+04
1.910000e+04
1.920000e+04
1.930000e+04
1.940000e+04
1.950000e+04
1.960000e+04
1.970000e+04
1.980000e+04
1.990000e+04
2.000000e+04
2.264693e+04
2.564418e+04
2.903810e+04
3.288120e+04
3.723291e+04
4.216056e+04
4.774037e+04
5.405865e+04
6.121313e+04
6.931448e+04
7.848802e+04
8.887565e+04
1.006380e+05
1.139572e+05
1.290390e+05
1.461169e+05
1.654550e+05
1.873524e+05
2.121478e+05
2.402249e+05
2.720178e+05
3.080185e+05
3.487837e+05
3.949441e+05
4.472136e+05
5.064008e+05
5.734213e+05
6.493117e+05
7.352459e+05
8.325532e+05
9.427388e+05
1.067507e+06
1.208788e+06
1.368767e+06
1.549919e+06
1.755046e+06
1.987320e+06
2.250335e+06
2.548159e+06
2.885400e+06
3.267273e+06
3.699685e+06
4.189326e+06
4.743770e+06
5.371592e+06
6.082504e+06
6.887503e+06
7.799041e+06
8.831218e+06
